-1.120553
-0.06232391
0.7141418
0.7730449
1.983706
0.8812722
-1.152563
0.5552674
0.268358
1.267932
-1.908321
0.478769
-0.02847378
0.1007454
0.8575467
-0.2113375
0.4720175
-0.4461998
0.5927275
1.417387
1.476796
-0.1243846
-1.762788
0.002245036
0.08426117
0.02477468
-0.6485899
-1.060002
-0.6005148
1.063299
1.390049
-0.7979981
0.8873488
-0.5970606
-0.1346384
-0.3159282
-0.7893363
0.7412265
-0.6079595
-0.4417925
0.2826119
-0.1737432
0.3352213
-0.6482104
-0.03063553
0.7250927
-0.8710498
-0.4306223
-0.127806
0.08608877
0.2851771
-0.5668964
0.1294626
0.500283
-2.373603
0.52598
0.6054414
-0.6674625
-1.370676
0.5757572
-0.325122
0.9396769
1.048006
1.014982
-1.639889
2.587732
-0.3724202
-0.09972512
-0.7461284
0.3708867
0.02481015
0.2867809
-1.151237
0.2533467
0.5764125
1.62699
1.877391
-0.06268449
-2.232516
0.5747914
-0.3601854
1.684339
0.143995
1.030183
0.721553
-0.3586959
0.3083301
0.8805331
1.399529
-0.3334174
-0.5625845
-0.8595988
1.021133
0.526364
-0.8122886
-2.069146
0.3281779
-0.9604647
2.370836
2.209531
