1.151232
0.6753651
1.21417
-0.7233112
-1.000483
-0.1235916
-0.8828385
-0.5261624
1.019341
-0.4154227
-3.765842
-0.5689972
1.4138
0.7112354
-1.269526
0.3441782
0.7257695
1.591794
-1.984919
1.171197
0.4241428
-0.2562343
0.09831693
-1.453391
0.9906985
-1.267596
1.561694
-0.5684665
1.466557
0.9260147
-1.185246
0.6135707
-1.803432
0.8738824
-0.08544179
-1.019439
0.2965808
0.1632937
1.017653
0.1138376
0.47613
0.6723589
0.5519336
0.1492306
0.6803467
0.3843055
-0.9609982
-0.7255585
0.1832905
-1.031206
0.2814422
-0.1438204
-0.3074912
-0.5576173
-2.3134
0.6297445
1.41483
1.324081
-1.554598
0.1329789
-1.628805
1.08181
-1.294516
2.008968
-1.741744
0.6279579
1.805693
-0.7058161
0.5739845
1.130258
0.05643716
-0.1857843
1.557139
1.46577
2.678893
0.5978156
1.148507
1.272854
-1.023544
-2.634001
0.570179
1.20792
-0.7233063
1.413857
0.4605529
1.31896
-0.1335125
0.5097557
-1.280271
-0.2923814
-0.4187824
-0.4224262
-2.141619
-0.09236958
0.6133561
-0.8547339
-0.5225548
0.9002865
-0.06175512
0.2942745
